R=255,G=255,B=255,P=0.113502935
R=204,G=204,B=255,P=0.24266145
R=0,G=0,B=0,P=1.0
